37
0 3 42 42 42 42 42 42
1 3 42 42 42 42 42 42
2 3 42 42 42 42 42 42
3 3 42 42 42 42 42 42
4 3 42 42 42 42 42 42
5 3 42 42 42 42 42 42
6 3 42 42 42 42 42 42
7 2 42 42 42 42 42 42
8 2 42 42 42 42 42 42
9 2 42 42 42 42 42 42
10 2 42 42 42 42 42 42
11 2 42 42 42 42 42 42
12 2 42 42 42 42 42 42
13 2 42 42 42 42 42 42
14 2 42 42 42 42 42 42
15 2 42 42 42 42 42 42
16 2 42 42 42 42 42 42
17 2 42 42 42 42 42 42
18 2 42 42 42 42 42 42
19 1 42 42 42 42 42 42
20 1 42 42 42 42 42 42
21 0 42 42 42 42 42 42
22 0 42 42 42 42 42 42
23 1 42 42 42 42 42 42
24 1 42 42 42 42 42 42
25 1 42 42 42 42 42 42
26 1 42 42 42 42 42 42
27 1 42 42 42 42 42 42
28 1 42 42 42 42 42 42
29 1 42 42 42 42 42 42
30 0 42 42 42 42 42 42
31 0 42 42 42 42 42 42
32 1 42 42 42 42 42 42
33 1 42 42 42 42 42 42
34 1 42 42 42 42 42 42
35 1 42 42 42 42 42 42
36 1 42 42 42 42 42 42
42
42
7 0
13 0 0
26
0 0 0 0
1 1 0 0
3 0 1 0
4 0 1 0
5 1 0 0
6 0 0 0
7 1 0 0
10 0 1 0
11 0 1 0
12 1 1 0
13 0 1 0
14 0 1 0
15 0 0 0
16 0 0 0
17 0 0 0
19 1 0 0
23 1 1 0
24 2 1 0
25 0 1 0
26 1 1 0
27 3 1 0
28 0 1 0
32 1 0 0
33 2 0 0
35 2 0 0
36 1 0 0
13
WAIT
COMPLETE 27
GROW 13
GROW 26
GROW 4
GROW 12
GROW 25
GROW 23
GROW 10
GROW 14
GROW 28
GROW 3
GROW 11