37
0 3 42 42 42 42 42 42
1 3 42 42 42 42 42 42
2 3 42 42 42 42 42 42
3 3 42 42 42 42 42 42
4 3 42 42 42 42 42 42
5 3 42 42 42 42 42 42
6 3 42 42 42 42 42 42
7 0 42 42 42 42 42 42
8 2 42 42 42 42 42 42
9 2 42 42 42 42 42 42
10 2 42 42 42 42 42 42
11 2 42 42 42 42 42 42
12 2 42 42 42 42 42 42
13 0 42 42 42 42 42 42
14 2 42 42 42 42 42 42
15 2 42 42 42 42 42 42
16 2 42 42 42 42 42 42
17 2 42 42 42 42 42 42
18 2 42 42 42 42 42 42
19 1 42 42 42 42 42 42
20 0 42 42 42 42 42 42
21 1 42 42 42 42 42 42
22 0 42 42 42 42 42 42
23 1 42 42 42 42 42 42
24 1 42 42 42 42 42 42
25 0 42 42 42 42 42 42
26 1 42 42 42 42 42 42
27 1 42 42 42 42 42 42
28 1 42 42 42 42 42 42
29 0 42 42 42 42 42 42
30 1 42 42 42 42 42 42
31 0 42 42 42 42 42 42
32 1 42 42 42 42 42 42
33 1 42 42 42 42 42 42
34 0 42 42 42 42 42 42
35 1 42 42 42 42 42 42
36 1 42 42 42 42 42 42
23
17
0 0
3 63 1
28
0 2 0 0
1 1 0 0
2 0 0 0
3 1 1 0
4 1 1 0
5 1 0 0
6 1 1 0
8 1 0 0
9 2 0 0
10 0 0 0
11 2 1 0
12 0 1 0
14 1 1 1
15 2 1 1
16 0 1 0
17 1 0 0
18 0 0 0
21 0 0 0
23 2 0 0
24 2 0 0
26 2 1 0
27 0 1 0
28 0 1 0
30 0 1 0
32 2 1 0
33 1 1 0
35 1 0 1
36 0 0 1
1
WAIT